; FBX 6.1.0 project file
; ----------------------------------------------------

FBXHeaderExtension:  {
	FBXHeaderVersion: 1003
	FBXVersion: 6100
}
CreationTime: "2024-04-04 02:02:56:000"

; Object definitions
;------------------------------------------------------------------

Definitions:  {
	Version: 100
	Count: 64
	ObjectType: "Model" {
		Count: 63
	}
	ObjectType: "Geometry" {
		Count: 0
	}
	ObjectType: "Pose" {
		Count: 1
	}
	ObjectType: "GlobalSettings" {
		Count: 1
	}
}

; Object properties
;------------------------------------------------------------------

Objects:  {
	Model: "Model::DummyRig", "Limb" {
		Version: 232
		Properties60:  {
			Property: "QuaternionInterpolate", "bool", "",0
			Property: "Lcl Translation", "Lcl Translation", "A+",0.0000,0.0000,0.0000
			Property: "Lcl Rotation", "Lcl Rotation", "A+",90.0000,0.0000,0.0000
			Property: "Lcl Scaling", "Lcl Scaling", "A+",1.0,1.0,1.0
		}
		MultiLayer: 0
		MultiTake: 1
		Shading: Y
		Culling: "CullingOff"
		TypeFlags: "Skeleton"
	}
	Model: "Model::root", "Limb" {
		Version: 232
		Properties60:  {
			Property: "QuaternionInterpolate", "bool", "",0
			Property: "Lcl Translation", "Lcl Translation", "A+",0.0000,0.0000,0.0000
			Property: "Lcl Rotation", "Lcl Rotation", "A+",0.0000,0.0000,0.0000
			Property: "Lcl Scaling", "Lcl Scaling", "A+",1.0,1.0,1.0
		}
		MultiLayer: 0
		MultiTake: 1
		Shading: Y
		Culling: "CullingOff"
		TypeFlags: "Skeleton"
	}
	Model: "Model::B-hips", "Limb" {
		Version: 232
		Properties60:  {
			Property: "QuaternionInterpolate", "bool", "",0
			Property: "Lcl Translation", "Lcl Translation", "A+",4.3740,0.0000,88.7619
			Property: "Lcl Rotation", "Lcl Rotation", "A+",179.2898,-0.0000,0.0002
			Property: "Lcl Scaling", "Lcl Scaling", "A+",1.0,1.0,1.0
		}
		MultiLayer: 0
		MultiTake: 1
		Shading: Y
		Culling: "CullingOff"
		TypeFlags: "Skeleton"
	}
	Model: "Model::B-spine", "Limb" {
		Version: 232
		Properties60:  {
			Property: "QuaternionInterpolate", "bool", "",0
			Property: "Lcl Translation", "Lcl Translation", "A+",17.9914,0.0000,0.0000
			Property: "Lcl Rotation", "Lcl Rotation", "A+",0.0000,-4.2118,-0.0000
			Property: "Lcl Scaling", "Lcl Scaling", "A+",1.0,1.0,1.0
		}
		MultiLayer: 0
		MultiTake: 1
		Shading: Y
		Culling: "CullingOff"
		TypeFlags: "Skeleton"
	}
	Model: "Model::B-chest", "Limb" {
		Version: 232
		Properties60:  {
			Property: "QuaternionInterpolate", "bool", "",0
			Property: "Lcl Translation", "Lcl Translation", "A+",15.0474,0.0000,-0.0000
			Property: "Lcl Rotation", "Lcl Rotation", "A+",-0.0000,11.2301,-0.0000
			Property: "Lcl Scaling", "Lcl Scaling", "A+",1.0,1.0,1.0
		}
		MultiLayer: 0
		MultiTake: 1
		Shading: Y
		Culling: "CullingOff"
		TypeFlags: "Skeleton"
	}
	Model: "Model::B-upperChest", "Limb" {
		Version: 232
		Properties60:  {
			Property: "QuaternionInterpolate", "bool", "",0
			Property: "Lcl Translation", "Lcl Translation", "A+",14.2528,0.0000,-0.0000
			Property: "Lcl Rotation", "Lcl Rotation", "A+",0.0000,-3.7165,-0.0000
			Property: "Lcl Scaling", "Lcl Scaling", "A+",1.0,1.0,1.0
		}
		MultiLayer: 0
		MultiTake: 1
		Shading: Y
		Culling: "CullingOff"
		TypeFlags: "Skeleton"
	}
	Model: "Model::B-neck", "Limb" {
		Version: 232
		Properties60:  {
			Property: "QuaternionInterpolate", "bool", "",0
			Property: "Lcl Translation", "Lcl Translation", "A+",20.8277,0.0000,0.0000
			Property: "Lcl Rotation", "Lcl Rotation", "A+",0.0000,-12.1205,-0.0000
			Property: "Lcl Scaling", "Lcl Scaling", "A+",1.0,1.0,1.0
		}
		MultiLayer: 0
		MultiTake: 1
		Shading: Y
		Culling: "CullingOff"
		TypeFlags: "Skeleton"
	}
	Model: "Model::B-head", "Limb" {
		Version: 232
		Properties60:  {
			Property: "QuaternionInterpolate", "bool", "",0
			Property: "Lcl Translation", "Lcl Translation", "A+",6.8133,0.0000,0.0000
			Property: "Lcl Rotation", "Lcl Rotation", "A+",-0.0000,7.1528,-0.0000
			Property: "Lcl Scaling", "Lcl Scaling", "A+",1.0,1.0,1.0
		}
		MultiLayer: 0
		MultiTake: 1
		Shading: Y
		Culling: "CullingOff"
		TypeFlags: "Skeleton"
	}
	Model: "Model::B-jaw", "Limb" {
		Version: 232
		Properties60:  {
			Property: "QuaternionInterpolate", "bool", "",0
			Property: "Lcl Translation", "Lcl Translation", "A+",-0.0000,-0.0000,-0.0000
			Property: "Lcl Rotation", "Lcl Rotation", "A+",-0.0000,-102.5150,0.0000
			Property: "Lcl Scaling", "Lcl Scaling", "A+",1.0,1.0,1.0
		}
		MultiLayer: 0
		MultiTake: 1
		Shading: Y
		Culling: "CullingOff"
		TypeFlags: "Skeleton"
	}
	Model: "Model::B-shoulder.L", "Limb" {
		Version: 232
		Properties60:  {
			Property: "QuaternionInterpolate", "bool", "",0
			Property: "Lcl Translation", "Lcl Translation", "A+",20.8277,0.0000,0.0000
			Property: "Lcl Rotation", "Lcl Rotation", "A+",-89.8117,10.9980,-98.6544
			Property: "Lcl Scaling", "Lcl Scaling", "A+",1.0,1.0,1.0
		}
		MultiLayer: 0
		MultiTake: 1
		Shading: Y
		Culling: "CullingOff"
		TypeFlags: "Skeleton"
	}
	Model: "Model::B-upper_arm.L", "Limb" {
		Version: 232
		Properties60:  {
			Property: "QuaternionInterpolate", "bool", "",0
			Property: "Lcl Translation", "Lcl Translation", "A+",18.0177,-0.1919,-6.8856
			Property: "Lcl Rotation", "Lcl Rotation", "A+",88.8922,5.5102,-4.6510
			Property: "Lcl Scaling", "Lcl Scaling", "A+",1.0,1.0,1.0
		}
		MultiLayer: 0
		MultiTake: 1
		Shading: Y
		Culling: "CullingOff"
		TypeFlags: "Skeleton"
	}
	Model: "Model::B-forearm.L", "Limb" {
		Version: 232
		Properties60:  {
			Property: "QuaternionInterpolate", "bool", "",0
			Property: "Lcl Translation", "Lcl Translation", "A+",25.3489,-0.0000,0.0000
			Property: "Lcl Rotation", "Lcl Rotation", "A+",3.2823,-25.6250,-0.1732
			Property: "Lcl Scaling", "Lcl Scaling", "A+",1.0,1.0,1.0
		}
		MultiLayer: 0
		MultiTake: 1
		Shading: Y
		Culling: "CullingOff"
		TypeFlags: "Skeleton"
	}
	Model: "Model::B-hand.L", "Limb" {
		Version: 232
		Properties60:  {
			Property: "QuaternionInterpolate", "bool", "",0
			Property: "Lcl Translation", "Lcl Translation", "A+",28.1386,0.0000,0.0000
			Property: "Lcl Rotation", "Lcl Rotation", "A+",88.7955,-4.3346,4.2134
			Property: "Lcl Scaling", "Lcl Scaling", "A+",1.0,1.0,1.0
		}
		MultiLayer: 0
		MultiTake: 1
		Shading: Y
		Culling: "CullingOff"
		TypeFlags: "Skeleton"
	}
	Model: "Model::B-palm_01.L", "Limb" {
		Version: 232
		Properties60:  {
			Property: "QuaternionInterpolate", "bool", "",0
			Property: "Lcl Translation", "Lcl Translation", "A+",7.2651,3.4976,0.4066
			Property: "Lcl Rotation", "Lcl Rotation", "A+",-1.1288,-4.5565,2.1652
			Property: "Lcl Scaling", "Lcl Scaling", "A+",1.0,1.0,1.0
		}
		MultiLayer: 0
		MultiTake: 1
		Shading: Y
		Culling: "CullingOff"
		TypeFlags: "Skeleton"
	}
	Model: "Model::B-f_index_01.L", "Limb" {
		Version: 232
		Properties60:  {
			Property: "QuaternionInterpolate", "bool", "",0
			Property: "Lcl Translation", "Lcl Translation", "A+",6.9056,0.0000,-0.0000
			Property: "Lcl Rotation", "Lcl Rotation", "A+",0.1892,-1.8058,-1.0599
			Property: "Lcl Scaling", "Lcl Scaling", "A+",1.0,1.0,1.0
		}
		MultiLayer: 0
		MultiTake: 1
		Shading: Y
		Culling: "CullingOff"
		TypeFlags: "Skeleton"
	}
	Model: "Model::B-f_index_02.L", "Limb" {
		Version: 232
		Properties60:  {
			Property: "QuaternionInterpolate", "bool", "",0
			Property: "Lcl Translation", "Lcl Translation", "A+",4.2800,-0.0000,-0.0000
			Property: "Lcl Rotation", "Lcl Rotation", "A+",-0.2936,-0.0004,-0.0000
			Property: "Lcl Scaling", "Lcl Scaling", "A+",1.0,1.0,1.0
		}
		MultiLayer: 0
		MultiTake: 1
		Shading: Y
		Culling: "CullingOff"
		TypeFlags: "Skeleton"
	}
	Model: "Model::B-f_index_03.L", "Limb" {
		Version: 232
		Properties60:  {
			Property: "QuaternionInterpolate", "bool", "",0
			Property: "Lcl Translation", "Lcl Translation", "A+",3.7282,0.0000,0.0000
			Property: "Lcl Rotation", "Lcl Rotation", "A+",0.8497,3.3904,1.3440
			Property: "Lcl Scaling", "Lcl Scaling", "A+",1.0,1.0,1.0
		}
		MultiLayer: 0
		MultiTake: 1
		Shading: Y
		Culling: "CullingOff"
		TypeFlags: "Skeleton"
	}
	Model: "Model::B-thumb_01.L", "Limb" {
		Version: 232
		Properties60:  {
			Property: "QuaternionInterpolate", "bool", "",0
			Property: "Lcl Translation", "Lcl Translation", "A+",-3.4066,-0.9699,0.7433
			Property: "Lcl Rotation", "Lcl Rotation", "A+",75.0437,-19.2394,58.0166
			Property: "Lcl Scaling", "Lcl Scaling", "A+",1.0,1.0,1.0
		}
		MultiLayer: 0
		MultiTake: 1
		Shading: Y
		Culling: "CullingOff"
		TypeFlags: "Skeleton"
	}
	Model: "Model::B-thumb_02.L", "Limb" {
		Version: 232
		Properties60:  {
			Property: "QuaternionInterpolate", "bool", "",0
			Property: "Lcl Translation", "Lcl Translation", "A+",5.7354,0.0000,0.0000
			Property: "Lcl Rotation", "Lcl Rotation", "A+",-38.1187,11.5589,8.7665
			Property: "Lcl Scaling", "Lcl Scaling", "A+",1.0,1.0,1.0
		}
		MultiLayer: 0
		MultiTake: 1
		Shading: Y
		Culling: "CullingOff"
		TypeFlags: "Skeleton"
	}
	Model: "Model::B-thumb_03.L", "Limb" {
		Version: 232
		Properties60:  {
			Property: "QuaternionInterpolate", "bool", "",0
			Property: "Lcl Translation", "Lcl Translation", "A+",4.7159,-0.0000,0.0000
			Property: "Lcl Rotation", "Lcl Rotation", "A+",1.5866,4.1387,-0.0584
			Property: "Lcl Scaling", "Lcl Scaling", "A+",1.0,1.0,1.0
		}
		MultiLayer: 0
		MultiTake: 1
		Shading: Y
		Culling: "CullingOff"
		TypeFlags: "Skeleton"
	}
	Model: "Model::B-palm_02.L", "Limb" {
		Version: 232
		Properties60:  {
			Property: "QuaternionInterpolate", "bool", "",0
			Property: "Lcl Translation", "Lcl Translation", "A+",7.5842,1.2559,-0.3768
			Property: "Lcl Rotation", "Lcl Rotation", "A+",1.1186,-5.7814,-6.3193
			Property: "Lcl Scaling", "Lcl Scaling", "A+",1.0,1.0,1.0
		}
		MultiLayer: 0
		MultiTake: 1
		Shading: Y
		Culling: "CullingOff"
		TypeFlags: "Skeleton"
	}
	Model: "Model::B-f_middle_01.L", "Limb" {
		Version: 232
		Properties60:  {
			Property: "QuaternionInterpolate", "bool", "",0
			Property: "Lcl Translation", "Lcl Translation", "A+",6.4464,0.0000,-0.0000
			Property: "Lcl Rotation", "Lcl Rotation", "A+",0.3956,2.0423,-2.6367
			Property: "Lcl Scaling", "Lcl Scaling", "A+",1.0,1.0,1.0
		}
		MultiLayer: 0
		MultiTake: 1
		Shading: Y
		Culling: "CullingOff"
		TypeFlags: "Skeleton"
	}
	Model: "Model::B-f_middle_02.L", "Limb" {
		Version: 232
		Properties60:  {
			Property: "QuaternionInterpolate", "bool", "",0
			Property: "Lcl Translation", "Lcl Translation", "A+",4.4800,-0.0000,0.0000
			Property: "Lcl Rotation", "Lcl Rotation", "A+",0.0380,0.0001,0.0001
			Property: "Lcl Scaling", "Lcl Scaling", "A+",1.0,1.0,1.0
		}
		MultiLayer: 0
		MultiTake: 1
		Shading: Y
		Culling: "CullingOff"
		TypeFlags: "Skeleton"
	}
	Model: "Model::B-f_middle_03.L", "Limb" {
		Version: 232
		Properties60:  {
			Property: "QuaternionInterpolate", "bool", "",0
			Property: "Lcl Translation", "Lcl Translation", "A+",3.9024,0.0000,0.0000
			Property: "Lcl Rotation", "Lcl Rotation", "A+",0.3134,3.4570,1.0355
			Property: "Lcl Scaling", "Lcl Scaling", "A+",1.0,1.0,1.0
		}
		MultiLayer: 0
		MultiTake: 1
		Shading: Y
		Culling: "CullingOff"
		TypeFlags: "Skeleton"
	}
	Model: "Model::B-palm_03.L", "Limb" {
		Version: 232
		Properties60:  {
			Property: "QuaternionInterpolate", "bool", "",0
			Property: "Lcl Translation", "Lcl Translation", "A+",6.9541,-1.2301,-1.0943
			Property: "Lcl Rotation", "Lcl Rotation", "A+",-8.8099,-8.9001,-10.8610
			Property: "Lcl Scaling", "Lcl Scaling", "A+",1.0,1.0,1.0
		}
		MultiLayer: 0
		MultiTake: 1
		Shading: Y
		Culling: "CullingOff"
		TypeFlags: "Skeleton"
	}
	Model: "Model::B-f_ring_01.L", "Limb" {
		Version: 232
		Properties60:  {
			Property: "QuaternionInterpolate", "bool", "",0
			Property: "Lcl Translation", "Lcl Translation", "A+",6.3748,0.0000,0.0000
			Property: "Lcl Rotation", "Lcl Rotation", "A+",7.7216,2.9305,-9.6537
			Property: "Lcl Scaling", "Lcl Scaling", "A+",1.0,1.0,1.0
		}
		MultiLayer: 0
		MultiTake: 1
		Shading: Y
		Culling: "CullingOff"
		TypeFlags: "Skeleton"
	}
	Model: "Model::B-f_ring_02.L", "Limb" {
		Version: 232
		Properties60:  {
			Property: "QuaternionInterpolate", "bool", "",0
			Property: "Lcl Translation", "Lcl Translation", "A+",4.2007,0.0000,0.0000
			Property: "Lcl Rotation", "Lcl Rotation", "A+",0.2216,0.0001,-0.0002
			Property: "Lcl Scaling", "Lcl Scaling", "A+",1.0,1.0,1.0
		}
		MultiLayer: 0
		MultiTake: 1
		Shading: Y
		Culling: "CullingOff"
		TypeFlags: "Skeleton"
	}
	Model: "Model::B-f_ring_03.L", "Limb" {
		Version: 232
		Properties60:  {
			Property: "QuaternionInterpolate", "bool", "",0
			Property: "Lcl Translation", "Lcl Translation", "A+",3.6591,0.0000,-0.0000
			Property: "Lcl Rotation", "Lcl Rotation", "A+",0.9716,3.5013,1.0393
			Property: "Lcl Scaling", "Lcl Scaling", "A+",1.0,1.0,1.0
		}
		MultiLayer: 0
		MultiTake: 1
		Shading: Y
		Culling: "CullingOff"
		TypeFlags: "Skeleton"
	}
	Model: "Model::B-palm_04.L", "Limb" {
		Version: 232
		Properties60:  {
			Property: "QuaternionInterpolate", "bool", "",0
			Property: "Lcl Translation", "Lcl Translation", "A+",6.1825,-3.1491,-1.1929
			Property: "Lcl Rotation", "Lcl Rotation", "A+",0.8073,-8.3537,-19.4210
			Property: "Lcl Scaling", "Lcl Scaling", "A+",1.0,1.0,1.0
		}
		MultiLayer: 0
		MultiTake: 1
		Shading: Y
		Culling: "CullingOff"
		TypeFlags: "Skeleton"
	}
	Model: "Model::B-f_pinky_01.L", "Limb" {
		Version: 232
		Properties60:  {
			Property: "QuaternionInterpolate", "bool", "",0
			Property: "Lcl Translation", "Lcl Translation", "A+",5.9851,-0.0000,-0.0000
			Property: "Lcl Rotation", "Lcl Rotation", "A+",-5.4618,-3.9113,-11.4215
			Property: "Lcl Scaling", "Lcl Scaling", "A+",1.0,1.0,1.0
		}
		MultiLayer: 0
		MultiTake: 1
		Shading: Y
		Culling: "CullingOff"
		TypeFlags: "Skeleton"
	}
	Model: "Model::B-f_pinky_02.L", "Limb" {
		Version: 232
		Properties60:  {
			Property: "QuaternionInterpolate", "bool", "",0
			Property: "Lcl Translation", "Lcl Translation", "A+",3.2778,0.0000,0.0000
			Property: "Lcl Rotation", "Lcl Rotation", "A+",-0.0025,-0.0006,-0.0000
			Property: "Lcl Scaling", "Lcl Scaling", "A+",1.0,1.0,1.0
		}
		MultiLayer: 0
		MultiTake: 1
		Shading: Y
		Culling: "CullingOff"
		TypeFlags: "Skeleton"
	}
	Model: "Model::B-f_pinky_03.L", "Limb" {
		Version: 232
		Properties60:  {
			Property: "QuaternionInterpolate", "bool", "",0
			Property: "Lcl Translation", "Lcl Translation", "A+",2.8552,0.0000,0.0000
			Property: "Lcl Rotation", "Lcl Rotation", "A+",1.8924,4.4180,1.4889
			Property: "Lcl Scaling", "Lcl Scaling", "A+",1.0,1.0,1.0
		}
		MultiLayer: 0
		MultiTake: 1
		Shading: Y
		Culling: "CullingOff"
		TypeFlags: "Skeleton"
	}
	Model: "Model::B-shoulder.R", "Limb" {
		Version: 232
		Properties60:  {
			Property: "QuaternionInterpolate", "bool", "",0
			Property: "Lcl Translation", "Lcl Translation", "A+",20.8277,0.0000,0.0000
			Property: "Lcl Rotation", "Lcl Rotation", "A+",89.8117,10.9980,98.6544
			Property: "Lcl Scaling", "Lcl Scaling", "A+",1.0,1.0,1.0
		}
		MultiLayer: 0
		MultiTake: 1
		Shading: Y
		Culling: "CullingOff"
		TypeFlags: "Skeleton"
	}
	Model: "Model::B-upper_arm.R", "Limb" {
		Version: 232
		Properties60:  {
			Property: "QuaternionInterpolate", "bool", "",0
			Property: "Lcl Translation", "Lcl Translation", "A+",18.0177,0.1919,-6.8856
			Property: "Lcl Rotation", "Lcl Rotation", "A+",-88.8922,5.5102,4.6510
			Property: "Lcl Scaling", "Lcl Scaling", "A+",1.0,1.0,1.0
		}
		MultiLayer: 0
		MultiTake: 1
		Shading: Y
		Culling: "CullingOff"
		TypeFlags: "Skeleton"
	}
	Model: "Model::B-forearm.R", "Limb" {
		Version: 232
		Properties60:  {
			Property: "QuaternionInterpolate", "bool", "",0
			Property: "Lcl Translation", "Lcl Translation", "A+",25.3489,0.0000,0.0000
			Property: "Lcl Rotation", "Lcl Rotation", "A+",-3.2823,-25.6250,0.1732
			Property: "Lcl Scaling", "Lcl Scaling", "A+",1.0,1.0,1.0
		}
		MultiLayer: 0
		MultiTake: 1
		Shading: Y
		Culling: "CullingOff"
		TypeFlags: "Skeleton"
	}
	Model: "Model::B-hand.R", "Limb" {
		Version: 232
		Properties60:  {
			Property: "QuaternionInterpolate", "bool", "",0
			Property: "Lcl Translation", "Lcl Translation", "A+",28.1386,0.0000,0.0000
			Property: "Lcl Rotation", "Lcl Rotation", "A+",-88.7955,-4.3346,-4.2133
			Property: "Lcl Scaling", "Lcl Scaling", "A+",1.0,1.0,1.0
		}
		MultiLayer: 0
		MultiTake: 1
		Shading: Y
		Culling: "CullingOff"
		TypeFlags: "Skeleton"
	}
	Model: "Model::B-palm_01.R", "Limb" {
		Version: 232
		Properties60:  {
			Property: "QuaternionInterpolate", "bool", "",0
			Property: "Lcl Translation", "Lcl Translation", "A+",7.2651,-3.4976,0.4066
			Property: "Lcl Rotation", "Lcl Rotation", "A+",1.1288,-4.5565,-2.1652
			Property: "Lcl Scaling", "Lcl Scaling", "A+",1.0,1.0,1.0
		}
		MultiLayer: 0
		MultiTake: 1
		Shading: Y
		Culling: "CullingOff"
		TypeFlags: "Skeleton"
	}
	Model: "Model::B-f_index_01.R", "Limb" {
		Version: 232
		Properties60:  {
			Property: "QuaternionInterpolate", "bool", "",0
			Property: "Lcl Translation", "Lcl Translation", "A+",6.9056,-0.0000,-0.0000
			Property: "Lcl Rotation", "Lcl Rotation", "A+",-0.1892,-1.8058,1.0599
			Property: "Lcl Scaling", "Lcl Scaling", "A+",1.0,1.0,1.0
		}
		MultiLayer: 0
		MultiTake: 1
		Shading: Y
		Culling: "CullingOff"
		TypeFlags: "Skeleton"
	}
	Model: "Model::B-f_index_02.R", "Limb" {
		Version: 232
		Properties60:  {
			Property: "QuaternionInterpolate", "bool", "",0
			Property: "Lcl Translation", "Lcl Translation", "A+",4.2800,0.0000,-0.0000
			Property: "Lcl Rotation", "Lcl Rotation", "A+",0.2936,-0.0004,0.0000
			Property: "Lcl Scaling", "Lcl Scaling", "A+",1.0,1.0,1.0
		}
		MultiLayer: 0
		MultiTake: 1
		Shading: Y
		Culling: "CullingOff"
		TypeFlags: "Skeleton"
	}
	Model: "Model::B-f_index_03.R", "Limb" {
		Version: 232
		Properties60:  {
			Property: "QuaternionInterpolate", "bool", "",0
			Property: "Lcl Translation", "Lcl Translation", "A+",3.7282,-0.0000,0.0000
			Property: "Lcl Rotation", "Lcl Rotation", "A+",-0.8497,3.3904,-1.3440
			Property: "Lcl Scaling", "Lcl Scaling", "A+",1.0,1.0,1.0
		}
		MultiLayer: 0
		MultiTake: 1
		Shading: Y
		Culling: "CullingOff"
		TypeFlags: "Skeleton"
	}
	Model: "Model::B-thumb_01.R", "Limb" {
		Version: 232
		Properties60:  {
			Property: "QuaternionInterpolate", "bool", "",0
			Property: "Lcl Translation", "Lcl Translation", "A+",-3.4066,0.9699,0.7433
			Property: "Lcl Rotation", "Lcl Rotation", "A+",-75.0437,-19.2394,-58.0166
			Property: "Lcl Scaling", "Lcl Scaling", "A+",1.0,1.0,1.0
		}
		MultiLayer: 0
		MultiTake: 1
		Shading: Y
		Culling: "CullingOff"
		TypeFlags: "Skeleton"
	}
	Model: "Model::B-thumb_02.R", "Limb" {
		Version: 232
		Properties60:  {
			Property: "QuaternionInterpolate", "bool", "",0
			Property: "Lcl Translation", "Lcl Translation", "A+",5.7354,-0.0000,0.0000
			Property: "Lcl Rotation", "Lcl Rotation", "A+",38.1187,11.5589,-8.7665
			Property: "Lcl Scaling", "Lcl Scaling", "A+",1.0,1.0,1.0
		}
		MultiLayer: 0
		MultiTake: 1
		Shading: Y
		Culling: "CullingOff"
		TypeFlags: "Skeleton"
	}
	Model: "Model::B-thumb_03.R", "Limb" {
		Version: 232
		Properties60:  {
			Property: "QuaternionInterpolate", "bool", "",0
			Property: "Lcl Translation", "Lcl Translation", "A+",4.7159,-0.0000,0.0000
			Property: "Lcl Rotation", "Lcl Rotation", "A+",-1.5866,4.1387,0.0584
			Property: "Lcl Scaling", "Lcl Scaling", "A+",1.0,1.0,1.0
		}
		MultiLayer: 0
		MultiTake: 1
		Shading: Y
		Culling: "CullingOff"
		TypeFlags: "Skeleton"
	}
	Model: "Model::B-palm_02.R", "Limb" {
		Version: 232
		Properties60:  {
			Property: "QuaternionInterpolate", "bool", "",0
			Property: "Lcl Translation", "Lcl Translation", "A+",7.5842,-1.2559,-0.3768
			Property: "Lcl Rotation", "Lcl Rotation", "A+",-1.1186,-5.7814,6.3193
			Property: "Lcl Scaling", "Lcl Scaling", "A+",1.0,1.0,1.0
		}
		MultiLayer: 0
		MultiTake: 1
		Shading: Y
		Culling: "CullingOff"
		TypeFlags: "Skeleton"
	}
	Model: "Model::B-f_middle_01.R", "Limb" {
		Version: 232
		Properties60:  {
			Property: "QuaternionInterpolate", "bool", "",0
			Property: "Lcl Translation", "Lcl Translation", "A+",6.4464,-0.0000,-0.0000
			Property: "Lcl Rotation", "Lcl Rotation", "A+",-0.3956,2.0424,2.6367
			Property: "Lcl Scaling", "Lcl Scaling", "A+",1.0,1.0,1.0
		}
		MultiLayer: 0
		MultiTake: 1
		Shading: Y
		Culling: "CullingOff"
		TypeFlags: "Skeleton"
	}
	Model: "Model::B-f_middle_02.R", "Limb" {
		Version: 232
		Properties60:  {
			Property: "QuaternionInterpolate", "bool", "",0
			Property: "Lcl Translation", "Lcl Translation", "A+",4.4800,0.0000,0.0000
			Property: "Lcl Rotation", "Lcl Rotation", "A+",-0.0380,0.0001,-0.0001
			Property: "Lcl Scaling", "Lcl Scaling", "A+",1.0,1.0,1.0
		}
		MultiLayer: 0
		MultiTake: 1
		Shading: Y
		Culling: "CullingOff"
		TypeFlags: "Skeleton"
	}
	Model: "Model::B-f_middle_03.R", "Limb" {
		Version: 232
		Properties60:  {
			Property: "QuaternionInterpolate", "bool", "",0
			Property: "Lcl Translation", "Lcl Translation", "A+",3.9024,0.0000,0.0000
			Property: "Lcl Rotation", "Lcl Rotation", "A+",-0.3134,3.4570,-1.0355
			Property: "Lcl Scaling", "Lcl Scaling", "A+",1.0,1.0,1.0
		}
		MultiLayer: 0
		MultiTake: 1
		Shading: Y
		Culling: "CullingOff"
		TypeFlags: "Skeleton"
	}
	Model: "Model::B-palm_03.R", "Limb" {
		Version: 232
		Properties60:  {
			Property: "QuaternionInterpolate", "bool", "",0
			Property: "Lcl Translation", "Lcl Translation", "A+",6.9541,1.2301,-1.0943
			Property: "Lcl Rotation", "Lcl Rotation", "A+",8.8099,-8.9001,10.8610
			Property: "Lcl Scaling", "Lcl Scaling", "A+",1.0,1.0,1.0
		}
		MultiLayer: 0
		MultiTake: 1
		Shading: Y
		Culling: "CullingOff"
		TypeFlags: "Skeleton"
	}
	Model: "Model::B-f_ring_01.R", "Limb" {
		Version: 232
		Properties60:  {
			Property: "QuaternionInterpolate", "bool", "",0
			Property: "Lcl Translation", "Lcl Translation", "A+",6.3748,-0.0000,0.0000
			Property: "Lcl Rotation", "Lcl Rotation", "A+",-7.7216,2.9305,9.6537
			Property: "Lcl Scaling", "Lcl Scaling", "A+",1.0,1.0,1.0
		}
		MultiLayer: 0
		MultiTake: 1
		Shading: Y
		Culling: "CullingOff"
		TypeFlags: "Skeleton"
	}
	Model: "Model::B-f_ring_02.R", "Limb" {
		Version: 232
		Properties60:  {
			Property: "QuaternionInterpolate", "bool", "",0
			Property: "Lcl Translation", "Lcl Translation", "A+",4.2007,0.0000,0.0000
			Property: "Lcl Rotation", "Lcl Rotation", "A+",-0.2216,0.0001,0.0002
			Property: "Lcl Scaling", "Lcl Scaling", "A+",1.0,1.0,1.0
		}
		MultiLayer: 0
		MultiTake: 1
		Shading: Y
		Culling: "CullingOff"
		TypeFlags: "Skeleton"
	}
	Model: "Model::B-f_ring_03.R", "Limb" {
		Version: 232
		Properties60:  {
			Property: "QuaternionInterpolate", "bool", "",0
			Property: "Lcl Translation", "Lcl Translation", "A+",3.6591,0.0000,0.0000
			Property: "Lcl Rotation", "Lcl Rotation", "A+",-0.9716,3.5013,-1.0393
			Property: "Lcl Scaling", "Lcl Scaling", "A+",1.0,1.0,1.0
		}
		MultiLayer: 0
		MultiTake: 1
		Shading: Y
		Culling: "CullingOff"
		TypeFlags: "Skeleton"
	}
	Model: "Model::B-palm_04.R", "Limb" {
		Version: 232
		Properties60:  {
			Property: "QuaternionInterpolate", "bool", "",0
			Property: "Lcl Translation", "Lcl Translation", "A+",6.1825,3.1491,-1.1929
			Property: "Lcl Rotation", "Lcl Rotation", "A+",-0.8073,-8.3537,19.4210
			Property: "Lcl Scaling", "Lcl Scaling", "A+",1.0,1.0,1.0
		}
		MultiLayer: 0
		MultiTake: 1
		Shading: Y
		Culling: "CullingOff"
		TypeFlags: "Skeleton"
	}
	Model: "Model::B-f_pinky_01.R", "Limb" {
		Version: 232
		Properties60:  {
			Property: "QuaternionInterpolate", "bool", "",0
			Property: "Lcl Translation", "Lcl Translation", "A+",5.9851,0.0000,-0.0000
			Property: "Lcl Rotation", "Lcl Rotation", "A+",5.4618,-3.9113,11.4215
			Property: "Lcl Scaling", "Lcl Scaling", "A+",1.0,1.0,1.0
		}
		MultiLayer: 0
		MultiTake: 1
		Shading: Y
		Culling: "CullingOff"
		TypeFlags: "Skeleton"
	}
	Model: "Model::B-f_pinky_02.R", "Limb" {
		Version: 232
		Properties60:  {
			Property: "QuaternionInterpolate", "bool", "",0
			Property: "Lcl Translation", "Lcl Translation", "A+",3.2778,-0.0000,0.0000
			Property: "Lcl Rotation", "Lcl Rotation", "A+",0.0025,-0.0006,0.0000
			Property: "Lcl Scaling", "Lcl Scaling", "A+",1.0,1.0,1.0
		}
		MultiLayer: 0
		MultiTake: 1
		Shading: Y
		Culling: "CullingOff"
		TypeFlags: "Skeleton"
	}
	Model: "Model::B-f_pinky_03.R", "Limb" {
		Version: 232
		Properties60:  {
			Property: "QuaternionInterpolate", "bool", "",0
			Property: "Lcl Translation", "Lcl Translation", "A+",2.8552,-0.0000,0.0000
			Property: "Lcl Rotation", "Lcl Rotation", "A+",-1.8924,4.4180,-1.4889
			Property: "Lcl Scaling", "Lcl Scaling", "A+",1.0,1.0,1.0
		}
		MultiLayer: 0
		MultiTake: 1
		Shading: Y
		Culling: "CullingOff"
		TypeFlags: "Skeleton"
	}
	Model: "Model::B-thigh.L", "Limb" {
		Version: 232
		Properties60:  {
			Property: "QuaternionInterpolate", "bool", "",0
			Property: "Lcl Translation", "Lcl Translation", "A+",6.4631,-7.9628,0.5134
			Property: "Lcl Rotation", "Lcl Rotation", "A+",-0.6609,-178.5464,2.7656
			Property: "Lcl Scaling", "Lcl Scaling", "A+",1.0,1.0,1.0
		}
		MultiLayer: 0
		MultiTake: 1
		Shading: Y
		Culling: "CullingOff"
		TypeFlags: "Skeleton"
	}
	Model: "Model::B-shin.L", "Limb" {
		Version: 232
		Properties60:  {
			Property: "QuaternionInterpolate", "bool", "",0
			Property: "Lcl Translation", "Lcl Translation", "A+",46.7867,0.0000,0.0000
			Property: "Lcl Rotation", "Lcl Rotation", "A+",-0.5521,-2.1241,2.0566
			Property: "Lcl Scaling", "Lcl Scaling", "A+",1.0,1.0,1.0
		}
		MultiLayer: 0
		MultiTake: 1
		Shading: Y
		Culling: "CullingOff"
		TypeFlags: "Skeleton"
	}
	Model: "Model::B-foot.L", "Limb" {
		Version: 232
		Properties60:  {
			Property: "QuaternionInterpolate", "bool", "",0
			Property: "Lcl Translation", "Lcl Translation", "A+",37.3088,0.0000,-0.0000
			Property: "Lcl Rotation", "Lcl Rotation", "A+",-2.4092,59.2378,-1.0246
			Property: "Lcl Scaling", "Lcl Scaling", "A+",1.0,1.0,1.0
		}
		MultiLayer: 0
		MultiTake: 1
		Shading: Y
		Culling: "CullingOff"
		TypeFlags: "Skeleton"
	}
	Model: "Model::B-toe.L", "Limb" {
		Version: 232
		Properties60:  {
			Property: "QuaternionInterpolate", "bool", "",0
			Property: "Lcl Translation", "Lcl Translation", "A+",17.4869,0.0000,0.0000
			Property: "Lcl Rotation", "Lcl Rotation", "A+",179.7481,27.6985,4.2397
			Property: "Lcl Scaling", "Lcl Scaling", "A+",1.0,1.0,1.0
		}
		MultiLayer: 0
		MultiTake: 1
		Shading: Y
		Culling: "CullingOff"
		TypeFlags: "Skeleton"
	}
	Model: "Model::B-thigh.R", "Limb" {
		Version: 232
		Properties60:  {
			Property: "QuaternionInterpolate", "bool", "",0
			Property: "Lcl Translation", "Lcl Translation", "A+",6.4631,7.9628,0.5134
			Property: "Lcl Rotation", "Lcl Rotation", "A+",0.6609,-178.5464,-2.7656
			Property: "Lcl Scaling", "Lcl Scaling", "A+",1.0,1.0,1.0
		}
		MultiLayer: 0
		MultiTake: 1
		Shading: Y
		Culling: "CullingOff"
		TypeFlags: "Skeleton"
	}
	Model: "Model::B-shin.R", "Limb" {
		Version: 232
		Properties60:  {
			Property: "QuaternionInterpolate", "bool", "",0
			Property: "Lcl Translation", "Lcl Translation", "A+",46.7867,0.0000,0.0000
			Property: "Lcl Rotation", "Lcl Rotation", "A+",0.5521,-2.1241,-2.0566
			Property: "Lcl Scaling", "Lcl Scaling", "A+",1.0,1.0,1.0
		}
		MultiLayer: 0
		MultiTake: 1
		Shading: Y
		Culling: "CullingOff"
		TypeFlags: "Skeleton"
	}
	Model: "Model::B-foot.R", "Limb" {
		Version: 232
		Properties60:  {
			Property: "QuaternionInterpolate", "bool", "",0
			Property: "Lcl Translation", "Lcl Translation", "A+",37.3088,0.0000,-0.0000
			Property: "Lcl Rotation", "Lcl Rotation", "A+",2.4091,59.2378,1.0246
			Property: "Lcl Scaling", "Lcl Scaling", "A+",1.0,1.0,1.0
		}
		MultiLayer: 0
		MultiTake: 1
		Shading: Y
		Culling: "CullingOff"
		TypeFlags: "Skeleton"
	}
	Model: "Model::B-toe.R", "Limb" {
		Version: 232
		Properties60:  {
			Property: "QuaternionInterpolate", "bool", "",0
			Property: "Lcl Translation", "Lcl Translation", "A+",17.4869,0.0000,0.0000
			Property: "Lcl Rotation", "Lcl Rotation", "A+",-179.7483,27.6985,-4.2396
			Property: "Lcl Scaling", "Lcl Scaling", "A+",1.0,1.0,1.0
		}
		MultiLayer: 0
		MultiTake: 1
		Shading: Y
		Culling: "CullingOff"
		TypeFlags: "Skeleton"
	}
	Pose: "Pose::BIND_POSES", "BindPose" {
		Type: "BindPose"
		Version: 100
		Properties60:  {
		}
		NbPoseNodes: 63
		PoseNode:  {
			Node: "Model::DummyRig"
			Matrix: -1.000000000000000,0.000000000000000,0.000000000000000,0.000000000000000,0.000000000000000,0.000000043711388,1.000000000000000,0.000000000000000,0.000000000000000,1.000000000000000,-0.000000043711388,0.000000000000000,0.000000000000000,0.000000000000000,0.000000000000000,1.000000000000000
		}
		PoseNode:  {
			Node: "Model::root"
			Matrix: -0.000000075497901,-1.000000000000000,0.000000174845539,0.000000000000000,1.000000000000000,-0.000000075497873,0.000000150995803,0.000000000000000,-0.000000150995788,0.000000162920685,1.000000000000000,0.000000000000000,0.000000000000000,0.000000000000000,0.000000000000000,1.000000000000000
		}
		PoseNode:  {
			Node: "Model::B-hips"
			Matrix: -0.000000075497958,0.025595091283321,0.999672472476959,0.000000000000000,1.000000000000000,0.000000001932363,0.000000075473203,0.000000000000000,0.000000000000031,0.999672472476959,-0.025595242157578,0.000000000000000,0.000000000000000,-4.373978614807129,88.761856079101562,1.000000000000000
		}
		PoseNode:  {
			Node: "Model::B-spine"
			Matrix: -0.000000075497901,0.098945714533329,0.995092988014221,0.000000000000000,1.000000000000000,0.000000007470210,0.000000075127403,0.000000000000000,0.000000000000000,0.995092928409576,-0.098945863544941,0.000000000000000,-0.000000000001023,-3.913486003875732,106.747398376464844,1.000000000000000
		}
		PoseNode:  {
			Node: "Model::B-chest"
			Matrix: -0.000000075497901,-0.096742644906044,0.995309591293335,0.000000000000000,1.000000000000000,-0.000000007303850,0.000000075143760,0.000000000000000,0.000000000000000,0.995309531688690,0.096742510795593,0.000000000000000,-0.000000000001023,-2.424607276916504,121.720993041992188,1.000000000000000
		}
		PoseNode:  {
			Node: "Model::B-upperChest"
			Matrix: -0.000000075497901,-0.032023288309574,0.999487221240997,0.000000000000000,1.000000000000000,-0.000000002417674,0.000000075459162,0.000000000000000,0.000000000000000,0.999487161636353,0.032023146748543,0.000000000000000,-0.000000000001023,-3.803461790084839,135.906951904296875,1.000000000000000
		}
		PoseNode:  {
			Node: "Model::B-neck"
			Matrix: -0.000000075497901,0.178551390767097,0.983930647373199,0.000000000000000,1.000000000000000,0.000000013480272,0.000000074284671,0.000000000000000,0.000000000000000,0.983930647373199,-0.178551539778709,0.000000000000000,-0.000000000001023,-4.470434188842773,156.723999023437500,1.000000000000000
		}
		PoseNode:  {
			Node: "Model::B-head"
			Matrix: -0.000000075497901,0.054646484553814,0.998505830764771,0.000000000000000,1.000000000000000,0.000000004125712,0.000000075385067,0.000000000000000,-0.000000000000000,0.998505771160126,-0.054646633565426,0.000000000000000,-0.000000000001023,-3.253913164138794,163.427795410156250,1.000000000000000
		}
		PoseNode:  {
			Node: "Model::B-jaw"
			Matrix: -0.000000075497901,0.962938904762268,-0.269719660282135,0.000000000000000,1.000000000000000,0.000000072699883,-0.000000020363297,0.000000000000000,-0.000000000000000,-0.269719421863556,-0.962938964366913,0.000000000000000,-0.000000000001023,-3.253914117813110,163.427795410156250,1.000000000000000
		}
		PoseNode:  {
			Node: "Model::B-shoulder.L"
			Matrix: -0.970456957817078,-0.185946747660637,-0.153743475675583,0.000000000000000,0.188107028603554,-0.982148408889771,0.000504126481246,0.000000000000000,-0.151092663407326,-0.028431164100766,0.988110661506653,0.000000000000000,-0.000000000001023,-4.470434188842773,156.723999023437500,1.000000000000000
		}
		PoseNode:  {
			Node: "Model::B-upper_arm.L"
			Matrix: -0.963465929031372,-0.102476842701435,-0.247450768947601,0.000000000000000,-0.242588981986046,-0.057658541947603,0.968414306640625,0.000000000000000,-0.113507643342018,0.993062973022461,0.030692128464580,0.000000000000000,-16.481105804443359,-7.436565399169922,147.150024414062500,1.000000000000000
		}
		PoseNode:  {
			Node: "Model::B-forearm.L"
			Matrix: -0.917128026485443,0.337238401174545,-0.212477013468742,0.000000000000000,-0.227118015289307,-0.004073525778949,0.973858773708344,0.000000000000000,0.327557057142258,0.941410481929779,0.080328688025475,0.000000000000000,-40.903953552246094,-10.034245491027832,140.877410888671875,1.000000000000000
		}
		PoseNode:  {
			Node: "Model::B-hand.L"
			Matrix: -0.903915166854858,0.406218647956848,-0.133880048990250,0.000000000000000,0.393578201532364,0.912512660026550,0.111430794000626,0.000000000000000,0.167432487010956,0.048031885176897,-0.984712839126587,0.000000000000000,-66.710685729980469,-0.544815838336945,134.898605346679688,1.000000000000000
		}
		PoseNode:  {
			Node: "Model::B-palm_01.L"
			Matrix: -0.872291326522827,0.442827790975571,-0.207392483949661,0.000000000000000,0.422686398029327,0.896085977554321,0.135521396994591,0.000000000000000,0.245854139328003,0.030552314594388,-0.968825280666351,0.000000000000000,-71.833045959472656,5.617529392242432,133.915313720703125,1.000000000000000
		}
		PoseNode:  {
			Node: "Model::B-f_index_01.L"
			Matrix: -0.871776461601257,0.426928073167801,-0.240288361907005,0.000000000000000,0.407379835844040,0.904175281524658,0.128485798835754,0.000000000000000,0.272116988897324,0.014122416265309,-0.962160646915436,0.000000000000000,-77.856765747070312,8.675533294677734,132.483139038085938,1.000000000000000
		}
		PoseNode:  {
			Node: "Model::B-f_index_02.L"
			Matrix: -0.871774792671204,0.426927864551544,-0.240294679999352,0.000000000000000,0.405979722738266,0.904091238975525,0.133414700627327,0.000000000000000,0.274206757545471,0.018752975389361,-0.961488008499146,0.000000000000000,-81.587944030761719,10.502773284912109,131.454711914062500,1.000000000000000
		}
		PoseNode:  {
			Node: "Model::B-f_index_03.L"
			Matrix: -0.876720547676086,0.446122109889984,-0.179822772741318,0.000000000000000,0.429571390151978,0.894401431083679,0.124556981027126,0.000000000000000,0.216401398181915,0.031955108046532,-0.975781559944153,0.000000000000000,-84.838066101074219,12.094431877136230,130.558853149414062,1.000000000000000
		}
		PoseNode:  {
			Node: "Model::B-thumb_01.L"
			Matrix: -0.016713107004762,0.949134171009064,-0.314428657293320,0.000000000000000,0.505941152572632,-0.263212829828262,-0.821427285671234,0.000000000000000,-0.862406253814697,-0.172810778021812,-0.475806862115860,0.000000000000000,-69.088737487792969,3.262622356414795,133.770263671875000,1.000000000000000
		}
		PoseNode:  {
			Node: "Model::B-thumb_02.L"
			Matrix: 0.232167556881905,0.914346754550934,-0.331766068935394,0.000000000000000,0.909460544586182,-0.325018525123596,-0.259316504001617,0.000000000000000,-0.344935178756714,-0.241522952914238,-0.907020807266235,0.000000000000000,-69.184593200683594,8.706290245056152,131.966888427734375,1.000000000000000
		}
		PoseNode:  {
			Node: "Model::B-thumb_03.L"
			Matrix: 0.255531728267670,0.929723501205444,-0.265175849199295,0.000000000000000,0.900284409523010,-0.328803926706314,-0.285265624523163,0.000000000000000,-0.352408915758133,-0.165839001536369,-0.921035230159760,0.000000000000000,-68.089714050292969,13.018257141113281,130.402313232421875,1.000000000000000
		}
		PoseNode:  {
			Node: "Model::B-palm_02.L"
			Matrix: -0.920087218284607,0.306607365608215,-0.243785813450813,0.000000000000000,0.296742916107178,0.951835095882416,0.077159173786640,0.000000000000000,0.255701482295990,-0.001348358928226,-0.966754913330078,0.000000000000000,-73.134925842285156,3.663988351821899,134.394226074218750,1.000000000000000
		}
		PoseNode:  {
			Node: "Model::B-f_middle_01.L"
			Matrix: -0.941284298896790,0.262377083301544,-0.212466910481453,0.000000000000000,0.255631089210510,0.964964509010315,0.059129424393177,0.000000000000000,0.220537230372429,0.001344636431895,-0.975377738475800,0.000000000000000,-79.066207885742188,5.640512466430664,132.822677612304688,1.000000000000000
		}
		PoseNode:  {
			Node: "Model::B-f_middle_02.L"
			Matrix: -0.941284239292145,0.262378871440887,-0.212465077638626,0.000000000000000,0.255779206752777,0.964964687824249,0.058482293039560,0.000000000000000,0.220365792512894,0.000704503385350,-0.975417137145996,0.000000000000000,-83.283126831054688,6.815952301025391,131.870834350585938,1.000000000000000
		}
		PoseNode:  {
			Node: "Model::B-f_middle_03.L"
			Matrix: -0.948091983795166,0.279222398996353,-0.152172520756721,0.000000000000000,0.273637712001801,0.960147440433502,0.056915931403637,0.000000000000000,0.162000223994255,0.012321592308581,-0.986713886260986,0.000000000000000,-86.956367492675781,7.839852333068848,131.041717529296875,1.000000000000000
		}
		PoseNode:  {
			Node: "Model::B-palm_03.L"
			Matrix: -0.924399197101593,0.231698170304298,-0.302988916635513,0.000000000000000,0.165528967976570,0.959344446659088,0.228600755333900,0.000000000000000,0.343637108802795,0.161165043711662,-0.925169944763184,0.000000000000000,-73.663940429687500,1.105041503906250,134.908065795898438,1.000000000000000
		}
		PoseNode:  {
			Node: "Model::B-f_ring_01.L"
			Matrix: -0.955407261848450,0.059214107692242,-0.289293527603149,0.000000000000000,0.047755897045135,0.997775495052338,0.046513363718987,0.000000000000000,0.291404247283936,0.030623856931925,-0.956109642982483,0.000000000000000,-79.556785583496094,2.582067489624023,132.976577758789062,1.000000000000000
		}
		PoseNode:  {
			Node: "Model::B-f_ring_02.L"
			Matrix: -0.955407857894897,0.059211194515228,-0.289292156696320,0.000000000000000,0.048879791051149,0.997886657714844,0.042814448475838,0.000000000000000,0.291215896606445,0.026764841750264,-0.956282854080200,0.000000000000000,-83.570182800292969,2.830809593200684,131.761337280273438,1.000000000000000
		}
		PoseNode:  {
			Node: "Model::B-f_ring_03.L"
			Matrix: -0.970367491245270,0.075522340834141,-0.229528278112411,0.000000000000000,0.070132195949554,0.997038304805756,0.031563125550747,0.000000000000000,0.231232225894928,0.014530628919601,-0.972789943218231,0.000000000000000,-87.066162109375000,3.047472476959229,130.702774047851562,1.000000000000000
		}
		PoseNode:  {
			Node: "Model::B-palm_04.L"
			Matrix: -0.948592066764832,0.085820749402046,-0.304643809795380,0.000000000000000,0.074965663254261,0.996069550514221,0.047174997627735,0.000000000000000,0.307495057582855,0.021912176162004,-0.951297402381897,0.000000000000000,-73.738250732421875,-0.964264810085297,134.894668579101562,1.000000000000000
		}
		PoseNode:  {
			Node: "Model::B-f_pinky_01.L"
			Matrix: -0.921476721763611,-0.111368045210838,-0.372125744819641,0.000000000000000,-0.149178326129913,0.986013889312744,0.074313282966614,0.000000000000000,0.358645081520081,0.123991228640079,-0.925202667713165,0.000000000000000,-79.415702819824219,-0.450615674257278,133.071334838867188,1.000000000000000
		}
		PoseNode:  {
			Node: "Model::B-f_pinky_02.L"
			Matrix: -0.921472847461700,-0.111367538571358,-0.372135430574417,0.000000000000000,-0.149194478988647,0.986008524894714,0.074352756142616,0.000000000000000,0.358648270368576,0.124034777283669,-0.925195574760437,0.000000000000000,-82.436126708984375,-0.815658509731293,131.851577758789062,1.000000000000000
		}
		PoseNode:  {
			Node: "Model::B-f_pinky_03.L"
			Matrix: -0.949916958808899,-0.095010265707970,-0.297708481550217,0.000000000000000,-0.115677624940872,0.991895973682404,0.052547484636307,0.000000000000000,0.290303349494934,0.084354132413864,-0.953209459781647,0.000000000000000,-85.067138671875000,-1.133637666702271,130.789047241210938,1.000000000000000
		}
		PoseNode:  {
			Node: "Model::B-shoulder.R"
			Matrix: 0.970456957817078,-0.185946896672249,-0.153743475675583,0.000000000000000,0.188107177615166,0.982148408889771,-0.000504149647895,0.000000000000000,0.151092663407326,-0.028431164100766,0.988110661506653,0.000000000000000,-0.000000000001023,-4.470434188842773,156.723999023437500,1.000000000000000
		}
		PoseNode:  {
			Node: "Model::B-upper_arm.R"
